PewterCity,14,18,3,0,PewterPokecenter,1,1,85,Jay

1,9,Bulby,,504,30,4,0,14,2,11,14,14,0,1386,1000,675,885,935,1817/Desperate Kick,40/Tackle,35/Growl,40/Leech Seed,10
000000000000000000000000000000000000000000000000000000000000000000000000000000000000000000000000000000000000000000000000000000000000000000000000000000000000000000000000000000000000000000000000000000000000000000000000000000000000000000000000000000000000000000000000000000000000000000000000001000000000000000000
000000000
001000000
00000000000000000000000000000000000000001100000000000000000000000000000000000000000000000000000000000000000000000000000000000
01000000000000000000000000000000000000000000000000000000000000000000000000000000000000000000000000000000000000000000000000000000000000000000000000000000
...Secret Sauce,1;Pokedex,1;PokeBall,1;Antidote,1

0000001100100